5
4 28
2 5 4 1
2 1 3 3
1 5 4 2
1 3 1 3
5 107
10 6 6 3 9
8 6 2 2 6
8 8 4 2 9
1 3 10 9 1
8 2 6 4 7
6 230
9 2 3 2 5 1
4 7 7 6 4 2
8 7 9 2 4 3
5 6 8 1 7 9
9 6 1 8 7 8
3 7 5 8 5 10
8 311
4 9 9 10 11 2 14 3
14 13 3 4 6 3 3 6
6 14 9 12 2 14 12 4
2 12 12 11 11 7 4 15
13 6 15 12 13 6 3 6
9 7 5 12 11 1 10 1
11 3 12 7 14 8 3 5
9 2 13 8 5 4 6 4
10 1920
8 7 11 8 8 2 2 5 14 4
19 13 14 4 13 2 1 16 16 4
6 6 4 17 15 1 2 16 2 6
4 16 12 8 8 13 5 7 12 5
14 12 16 12 12 4 12 8 18 8
8 10 12 15 10 1 20 18 3 13
17 16 12 3 11 12 10 19 14 8
16 9 15 11 12 9 11 6 16 17
1 10 6 13 18 9 6 13 6 8
15 1 2 12 13 16 8 12 6 5