7
4
1 0 1 1
1 1 2 0
0 1 0 1
1 0 1 1
5
1 0 1 1 0
1 0 0 0 0
1 1 2 1 1
1 1 1 0 1
1 0 1 0 1
6
1 1 0 2 1 1
0 1 0 1 0 1
0 1 0 1 0 1
0 0 0 1 0 1
0 0 0 1 0 1
1 1 1 1 0 1
5
1 1 0 1 0
1 0 2 1 1
1 0 1 1 1
1 1 1 0 1
1 1 1 0 1
10
1 0 1 1 1 1 1 1 1 1
1 0 1 0 0 0 0 0 0 1
1 0 1 0 1 1 1 1 0 1
1 0 1 0 1 0 0 1 0 1
1 0 1 0 1 0 0 1 0 1
1 0 1 0 1 2 0 1 0 1
1 0 1 0 0 0 0 1 0 1
1 0 1 1 1 1 1 1 0 1
1 0 0 0 0 0 0 0 0 1
1 1 1 1 1 1 1 1 1 1
21
1 1 1 0 1 0 0 0 0 0 1 1 1 1 1 1 1 0 1 0 1 
0 0 1 0 0 1 0 0 1 1 1 1 0 1 0 1 1 1 1 1 1 
1 1 1 0 1 1 1 1 1 0 1 1 1 1 1 1 1 0 0 1 1 
1 0 0 0 1 0 0 0 1 0 1 0 0 0 1 1 0 1 1 0 1 
1 0 0 0 1 0 0 1 0 1 1 0 0 0 1 1 1 1 1 0 1 
1 1 1 1 1 1 1 0 0 0 1 1 1 1 0 0 0 1 0 1 1 
1 0 1 0 1 0 1 0 0 0 1 1 1 1 1 1 1 1 1 1 1 
1 1 0 0 1 0 0 1 0 0 1 0 1 0 1 0 1 0 1 1 1 
1 0 1 0 1 0 0 1 0 1 0 1 1 0 1 1 0 0 0 0 1 
1 1 1 0 1 1 1 0 1 1 0 1 0 1 1 0 1 1 0 0 1 
0 1 0 1 1 0 1 1 1 1 1 1 0 1 0 0 0 0 0 0 1 
1 1 1 1 1 0 0 0 1 0 1 0 1 0 1 1 0 0 1 0 1 
0 1 0 0 0 0 1 1 1 0 0 0 1 0 0 1 1 1 1 0 1 
1 1 0 0 0 1 1 1 0 1 1 1 1 0 1 0 1 0 0 1 1 
0 2 1 1 1 1 0 1 0 0 1 1 0 1 1 0 1 0 0 1 1 
1 1 0 1 1 1 1 0 1 1 1 1 0 0 1 0 0 1 0 0 1 
0 1 0 1 1 1 1 1 0 0 0 1 1 0 1 0 0 0 1 1 1 
0 1 1 1 0 1 0 0 1 0 1 1 0 0 0 1 1 0 1 0 1 
0 0 1 1 0 1 0 1 1 0 0 0 0 0 0 1 1 0 1 1 0 
1 1 0 1 0 0 1 0 0 1 1 0 1 1 1 1 0 1 0 1 1 
1 0 1 1 1 1 0 0 0 0 0 0 1 0 1 0 0 0 1 1 1 
37
1 1 1 1 1 1 1 1 1 1 1 1 1 1 1 1 1 0 1 0 1 0 1 1 1 0 1 0 0 1 1 0 1 0 1 0 1 
1 1 0 1 1 0 1 1 0 1 1 1 0 1 0 0 1 1 1 1 1 1 1 0 1 0 0 0 0 0 0 0 0 0 1 0 1 
1 0 0 1 1 0 1 1 0 0 0 0 0 0 1 0 0 1 0 1 1 0 0 0 1 1 1 1 1 0 0 0 1 0 1 0 1 
1 0 0 0 1 1 1 1 0 0 0 1 0 1 1 1 0 1 0 0 0 1 0 0 0 1 1 1 1 1 1 1 1 1 1 1 0 
1 0 0 0 0 0 1 0 0 1 0 1 0 1 0 1 0 1 1 1 0 0 1 0 0 0 0 1 0 1 0 0 1 0 1 1 0 
1 0 0 1 1 0 1 0 1 1 1 0 1 1 0 1 0 1 1 0 1 1 0 0 1 0 0 0 1 1 0 1 1 1 1 1 1 
1 1 0 0 0 0 0 0 0 1 1 0 1 1 0 0 0 0 0 1 0 1 0 1 1 0 0 1 0 0 1 1 0 0 0 0 1 
1 1 0 0 0 1 2 0 1 1 1 1 0 0 1 1 0 0 0 1 1 1 0 1 1 1 1 0 1 0 1 0 0 1 1 0 0 
1 0 1 1 1 1 0 0 1 1 0 1 1 0 1 0 0 1 1 1 1 0 1 1 1 1 0 1 1 1 1 0 0 1 0 0 1 
1 0 1 0 1 0 1 1 1 1 1 0 0 0 1 1 0 1 0 0 0 1 0 0 0 1 1 1 0 1 0 0 1 0 1 1 0 
1 0 1 1 0 1 0 0 0 0 1 1 0 1 0 1 1 0 0 0 0 0 0 1 1 0 1 1 0 1 1 0 1 0 0 1 0 
1 1 1 0 1 1 1 1 0 1 0 1 1 1 0 1 1 1 1 0 0 0 0 0 0 1 0 1 0 0 1 1 1 1 1 1 1 
1 0 1 0 1 0 1 1 0 0 0 0 1 0 0 1 1 0 0 0 1 0 0 1 0 0 0 1 0 1 0 1 1 0 0 1 0 
0 1 1 1 1 1 1 1 0 1 0 0 0 1 0 1 1 1 1 0 0 0 0 0 0 1 1 1 1 1 0 0 0 0 1 0 1 
0 1 0 1 0 0 1 1 1 0 0 1 1 0 1 0 1 0 1 1 1 0 0 0 1 0 1 0 1 0 1 0 0 0 1 1 0 
0 0 1 0 1 1 1 1 1 0 0 1 0 1 0 1 1 1 1 1 1 1 0 0 1 1 0 0 0 0 0 1 1 0 1 1 1 
1 1 1 0 1 0 1 0 0 1 1 1 1 1 1 0 0 0 1 1 0 0 1 1 1 0 1 0 0 1 0 1 0 0 1 0 1 
1 1 1 0 0 1 1 0 0 0 1 0 1 0 1 1 0 0 0 1 0 0 1 1 1 0 0 1 0 1 1 0 1 1 0 1 1 
0 0 1 1 0 1 0 1 1 1 1 0 0 1 1 0 1 1 1 1 1 0 1 0 1 1 1 1 1 0 0 1 0 1 0 1 1 
0 1 0 0 0 1 1 0 1 1 1 0 1 0 1 1 0 0 0 1 1 1 0 0 0 0 1 1 1 1 0 0 1 0 0 1 0 
1 1 1 0 0 0 1 0 1 1 1 0 1 0 1 0 0 0 1 1 0 0 0 1 0 1 1 1 1 1 0 1 1 1 0 1 1 
0 1 1 1 1 1 1 0 0 0 0 1 0 0 0 0 0 1 1 0 0 0 1 0 1 1 0 1 0 1 1 0 0 1 1 1 0 
0 1 0 0 1 1 1 1 1 0 0 1 0 0 1 1 0 0 0 0 0 0 1 1 0 1 0 0 1 1 1 0 0 1 0 1 0 
0 0 0 0 1 1 1 0 1 1 1 1 0 0 0 0 0 1 1 0 0 0 0 1 0 1 0 1 0 0 0 1 1 1 0 1 0 
0 0 0 1 1 0 1 0 1 1 0 1 1 0 0 1 0 0 0 1 1 1 0 1 0 1 1 1 1 1 0 0 1 1 0 1 0 
0 1 0 1 0 0 1 1 1 1 1 1 1 0 0 1 0 1 1 1 1 0 1 0 0 0 0 1 0 0 0 0 1 1 1 1 1 
0 0 1 0 1 0 0 1 1 0 1 0 1 1 0 0 0 0 1 1 0 1 1 1 1 1 0 1 0 1 0 0 1 1 0 0 0 
1 1 0 1 0 1 1 0 0 0 0 0 1 1 0 0 0 1 0 1 0 1 1 0 1 0 1 1 0 1 1 0 0 1 1 1 1 
1 0 0 0 0 1 0 0 0 1 0 0 0 1 1 1 1 0 1 0 1 0 0 0 1 0 1 1 0 1 0 0 1 0 0 1 0 
1 0 0 0 0 1 1 1 0 0 1 0 0 0 0 0 1 0 0 0 0 1 1 0 1 0 1 0 1 0 1 0 0 1 1 1 1 
0 0 0 1 0 1 1 0 1 0 0 0 0 0 0 1 1 1 1 1 1 1 1 0 0 0 1 0 1 0 1 0 1 1 0 1 0 
1 1 0 1 0 1 0 1 0 0 0 1 1 1 1 1 0 1 1 0 0 0 0 1 1 0 1 0 0 0 0 0 0 1 0 1 1 
1 1 1 1 1 1 1 1 0 0 1 1 0 0 1 0 1 0 1 1 1 1 1 0 0 1 0 0 0 0 0 1 0 0 0 1 1 
0 0 0 0 1 0 0 0 1 0 1 1 1 1 1 0 0 1 0 1 0 0 1 1 0 0 1 0 1 0 1 1 0 0 1 1 0 
1 0 0 0 1 0 1 0 0 0 1 1 1 0 1 0 1 0 1 0 0 0 0 1 1 0 0 1 0 0 1 1 1 0 1 0 0 
1 0 1 0 1 0 1 1 0 1 1 0 1 0 1 0 1 1 1 1 0 0 1 0 1 0 0 1 1 1 1 1 1 1 1 1 0 
1 0 1 1 0 0 0 1 0 1 1 1 1 1 1 1 0 0 0 0 0 1 0 0 1 1 1 1 1 0 0 0 0 0 0 1 1 
50
1 1 0 0 1 0 0 0 0 0 1 1 1 1 1 1 1 0 1 0 1 0 0 1 0 0 1 0 0 1 1 0 1 0 1 0 1 1 1 0 1 1 0 1 1 0 1 1 1 0 
1 0 0 1 1 1 1 1 1 0 0 1 0 0 0 0 0 0 0 0 0 1 0 1 0 0 0 1 1 0 1 1 0 0 0 0 0 0 1 0 0 1 0 1 1 0 0 0 1 1 
1 0 1 1 0 0 1 0 1 0 1 1 0 0 0 1 1 1 1 0 0 0 1 0 1 1 1 0 1 0 0 0 1 0 0 0 1 1 1 1 1 1 1 1 1 1 1 0 1 0 
1 0 0 1 1 0 1 1 0 1 0 1 0 1 0 1 1 1 0 0 1 0 0 0 0 1 0 1 0 0 1 0 1 1 0 0 0 0 1 1 0 1 0 1 1 1 0 1 1 0 
1 1 1 1 0 1 1 0 0 1 0 0 0 1 1 0 1 1 1 1 1 1 0 1 0 0 0 0 0 0 0 1 1 0 1 1 0 0 0 0 0 1 0 1 0 1 1 0 0 1 
0 0 0 1 0 1 0 0 1 1 1 0 0 0 1 0 0 1 1 1 1 0 0 1 1 0 0 0 1 1 1 0 1 1 1 1 0 1 0 1 0 0 1 1 0 0 1 0 1 1 
0 1 0 0 1 1 0 1 1 0 1 0 0 1 1 1 1 0 1 1 1 1 0 1 1 1 1 0 0 1 0 0 1 0 0 1 0 1 0 1 1 1 1 1 0 0 0 1 1 0 
1 0 0 0 1 0 0 0 1 1 1 0 1 0 0 1 0 1 1 0 0 0 1 1 0 1 0 0 0 0 1 1 0 1 0 1 1 0 0 0 0 0 0 1 1 0 1 1 0 1 
1 0 1 0 1 1 0 0 1 1 0 1 1 1 1 0 1 0 1 1 1 0 1 1 1 1 0 0 0 0 0 0 1 0 1 0 0 0 1 1 1 0 0 