50
7
2 1 2 2 0
0 2 2 0 0
2 0 2 1 0
0 0 2 1 2
0 2 1 0 2
1 2 1 0 2
1 1 2 0 2
5
0 0 1 0 0
1 2 1 0 2
2 2 0 0 1
2 1 2 1 0
2 1 2 0 2
9
2 2 2 2 2
0 0 0 0 0
0 0 0 0 0
1 0 0 0 0
0 0 0 0 0
0 0 0 0 0
0 0 0 0 0
0 0 0 0 0
2 2 2 2 0
6
2 2 2 2 2
0 0 0 0 0
0 0 2 0 0
2 0 0 0 2
0 0 0 0 0
1 2 2 2 1
10
1 0 1 0 1
2 2 2 2 1
0 2 2 0 2
2 0 2 1 1
2 0 2 2 0
0 2 2 1 1
2 0 2 1 2
2 1 1 2 2
1 1 2 2 2
2 1 0 1 0
9
2 0 1 1 1
0 1 0 1 2
0 1 0 2 2
0 0 0 2 1
2 0 1 0 1
0 0 2 0 2
1 0 0 2 2
2 0 0 1 1
2 0 0 0 0
7
1 2 0 1 0
0 1 2 1 2
2 0 0 0 0
2 2 1 1 2
0 0 2 0 2
0 1 0 1 1
2 1 2 0 2
8
1 2 1 1 2
1 1 2 0 0
2 1 1 2 1
1 2 1 2 0
0 0 2 2 1
1 0 2 0 0
1 2 1 2 0
0 0 2 0 1
12
2 2 2 1 0
1 2 0 0 2
1 0 1 0 1
2 1 2 1 1
1 2 2 1 2
2 2 1 0 1
2 0 1 1 0
0 2 1 0 2
1 2 2 1 2
2 2 1 2 0
1 0 2 0 1
0 0 0 1 0
12
0 0 2 2 0
2 0 0 1 2
0 1 1 2 2
0 0 1 0 2
0 2 2 0 2
1 0 2 2 0
2 2 2 2 1
1 0 1 2 2
2 1 0 1 1
1 0 1 1 0
2 2 1 1 2
0 0 1 0 2
5
1 1 0 0 0
1 2 2 2 1
1 1 2 2 1
2 2 2 1 2
2 2 0 2 0
12
2 1 2 2 2
0 2 2 1 0
0 0 1 0 1
0 1 0 2 0
2 0 0 0 0
0 1 1 0 1
0 1 0 2 2
1 1 0 2 2
2 2 1 2 2
2 0 1 0 2
1 2 1 2 0
2 0 1 1 1
11
1 1 0 0 2
0 1 1 2 2
1 0 0 1 2
2 0 1 1 2
0 0 0 2 0
2 1 2 2 0
2 1 0 2 0
1 1 2 2 1
1 2 0 0 0
2 1 0 0 2
0 0 0 2 1
8
0 0 2 2 2
2 1 1 2 2
2 0 1 1 1
1 1 2 0 0
0 0 2 0 1
0 2 0 0 1
1 1 1 2 0
0 2 0 1 2
9
1 0 0 0 0
2 2 1 1 2
0 1 1 0 0
1 2 0 2 0
1 1 1 0 0
2 1 1 0 1
0 0 1 1 1
2 1 0 0 0
0 1 2 2 1
10
2 2 2 2 2
0 0 0 0 0
0 0 0 0 0
0 0 0 0 0
0 0 0 0 0
0 0 0 0 0
0 0 0 0 0
0 0 0 0 0
0 0 0 0 0
2 2 2 2 0
12
1 0 1 0 1
1 1 1 0 1
0 2 0 2 0
2 0 1 0 0
0 1 2 1 0
1 2 0 1 0
0 1 1 0 2
0 1 1 1 1
0 2 0 1 0
0 0 0 1 2
1 0 0 2 2
0 0 2 0 2
12
0 2 2 0 2
0 2 0 0 0
2 0 1 2 0
0 1 1 2 1
1 2 2 2 0
1 2 1 1 2
2 0 2 1 2
2 1 1 1 0
1 0 0 1 1
2 1 0 1 2
2 1 0 1 1
1 0 2 2 0
9
0 1 1 1 1
1 0 2 0 2
2 2 2 2 1
1 0 0 0 2
1 0 2 2 1
2 1 0 1 2
1 1 0 2 1
2 2 0 0 1
1 1 0 2 0
9
1 1 0 2 0
2 2 0 2 0
1 1 0 1 0
2 0 1 1 0
1 0 1 1 2
0 0 2 1 0
2 0 2 2 1
2 0 1 1 2
2 0 2 0 0
8
2 1 1 1 0
2 1 2 2 1
0 1 0 0 2
0 1 1 0 1
2 0 0 0 2
2 0 1 1 1
0 0 1 1 0
1 1 0 0 0
10
2 0 2 2 2
0 1 0 2 1
0 0 2 1 1
1 0 1 0 1
2 0 0 0 2
0 2 2 0 2
1 1 0 2 2
0 0 1 0 1
1 1 2 0 2
0 1 0 2 0
8
1 2 1 1 1
2 1 2 1 1
1 2 0 2 2
2 0 1 0 0
1 1 2 2 0
1 0 1 2 1
1 2 0 1 2
1 2 0 0 1
10
2 1 0 0 2
2 0 0 0 1
2 1 2 2 0
0 1 0 0 1
0 2 2 2 1
2 1 0 0 0
2 0 2 1 2
2 1 2 1 2
2 0 2 0 2
1 0 2 2 1
8
2 0 2 0 2
1 0 1 2 0
0 0 0 2 1
2 0 2 0 1
1 2 1 2 0
0 2 2 0 2
2 1 1 2 2
0 2 1 2 0
8
1 1 1 2 2
1 1 1 1 2
2 1 2 2 0
2 0 0 2 2
1 0 0 0 2
1 0 2 0 2
2 0 2 0 2
0 2 0 0 1
9
1 2 2 0 2
2 0 2 1 2
1 0 1 2 1
1 0 2 1 1
2 0 1 2 1
1 2 2 0 2
0 2 0 1 0
1 0 2 2 2
2 0 2 0 1
12
1 0 1 2 1
0 2 2 1 0
0 0 2 1 0
1 1 1 1 1
2 0 2 0 0
1 2 1 2 1
0 0 0 1 2
1 1 1 1 0
2 0 2 2 1
0 0 0 2 0
1 0 2 2 2
0 1 1 1 0
8
1 0 0 2 2
2 0 1 1 0
0 0 1 2 2
1 0 1 0 0
1 1 1 0 2
1 0 1 2 0
2 2 0 2 1
0 1 2 1 0
8
2 0 0 0 0
0 0 0 1 0
2 1 0 1 2
1 2 0 0 2
1 2 1 0 1
0 2 1 1 2
1 2 0 2 2
1 1 2 2 0
7
1 0 2 0 1
0 0 1 2 1
2 1 1 2 2
1 0 2 0 1
2 2 1 2 2
0 0 1 0 2
0 0 2 2 0
9
2 2 2 0 1
2 2 0 2 1
1 0 0 2 1
2 2 2 0 1
2 2 0 0 2
1 0 2 1 1
1 2 1 1 2
0 0 2 2 0
2 0 0 0 2
8
1 1 1 0 1
0 1 1 1 2
2 1 1 0 1
2 2 0 0 2
1 1 0 0 2
2 2 0 2 1
2 0 1 1 2
2 0 1 0 0
8
0 2 2 1 1
1 2 1 0 1
0 0 2 2 0
1 0 1 1 1
0 2 0 0 1
0 2 0 1 2
1 0 0 1 1
1 0 2 0 0
12
2 2 2 2 2
2 2 2 1 2
2 1 1 0 0
2 2 2 1 2
2 2 1 0 2
0 0 0 1 1
1 0 0 1 1
0 0 1 1 0
0 1 0 2 1
1 1 1 0 2
0 0 2 1 0
2 0 2 2 2
10
1 0 2 1 2
1 2 1 0 1
1 0 0 1 1
1 1 1 1 1
1 2 1 0 0
1 1 1 2 2
0 1 2 1 1
0 0 0 1 2
1 2 0 1 2
2 1 0 1 0
11
1 0 0 0 2
2 2 0 1 2
1 2 1 0 2
1 1 0 1 0
0 2 1 0 1
2 0 0 1 2
1 0 1 0 2
0 1 1 2 0
1 0 0 0 0
0 2 0 2 1
2 2 0 2 1
9
1 0 1 2 2
2 2 1 1 1
0 0 0 1 0
0 0 0 2 0
2 1 0 1 0
2 0 2 2 1
2 2 1 1 2
1 0 0 1 1
1 1 1 1 2
9
0 0 1 2 2
0 2 0 1 0
2 0 2 2 1
2 2 2 1 1
2 2 2 1 0
0 1 0 2 1
2 1 1 1 1
0 1 0 2 1
2 1 2 2 1
7
0 1 0 1 2
2 0 1 2 1
0 2 2 1 1
1 1 0 0 0
1 0 1 1 1
1 0 2 1 1
2 0 2 0 2
12
0 1 1 0 1
0 2 0 2 2
1 0 0 1 2
2 1 1 1 0
0 2 0 0 1
0 2 1 2 2
2 2 1 1 1
0 1 2 1 0
0 0 1 1 0
2 2 0 1 2
1 1 1 1 2
0 0 1 1 1
10
1 1 2 2 1
2 1 2 2 0
2 2 1 0 0
0 1 2 2 0
1 0 2 0 1
1 2 2 0 2
0 0 0 1 2
1 2 2 1 0
1 0 1 2 2
1 2 1 1 0
11
1 2 0 0 1
2 1 1 0 2
1 2 0 2 2
1 2 0 1 1
2 0 2 2 0
1 2 1 2 1
1 0 0 0 1
0 0 1 1 2
1 0 1 0 2
1 1 2 0 2
2 0 0 2 2
9
0 1 2 2 2
2 2 2 1 1
2 2 1 1 1
1 2 2 2 1
2 1 2 2
2
0 1 2 2 0
0 0 0 0 0
2 1 1 0 1
1 2 2 1 1
11
1 2 1 0 1
0 2 1 1 2
1 0 0 1 1
2 2 0 0 1
1 0 0 2 2
1 2 1 2 0
1 1 0 0 2
2 0 1 2 2
1 2 2 1 1
1 1 1 2 1
2 1 0 0 0
8
1 2 1 2 1
1 1 0 0 2
2 2 2 2 1
1 1 0 0 2
1 2 1 1 2
0 1 1 1 2
0 0 0 1 0
1 2 2 1 0
8
1 0 1 1 1
1 0 2 0 0
2 2 0 1 2
1 0 0 0 2
0 2 0 1 2
2 1 2 0 1
2 2 2 2 0
1 2 2 1 2
8
1 0 2 1 0
0 2 1 0 2
2 0 0 0 1
0 0 2 2 0
1 2 1 0 2
0 1 1 1 1
1 2 1 2 1
2 0 0 1 2
9
1 2 1 0 2
2 2 2 1 1
2 1 1 2 1
1 2 1 0 2
1 2 1 1 0
1 1 1 2 2
0 1 0 2 0
0 0 0 0 0
1 2 0 0 1
8
2 2 0 0 1
2 1 2 2 1
0 0 0 1 1
0 2 1 1 0
0 2 2 1 1
1 0 0 0 2
2 1 2 2 1
1 1 2 0 0